0 73755.3t
24 73286.6
32 73755.3
33 73364
33 72906.6
33 72531.4
33 72148.7
33 71757.8
33 71414.2
33 70988.5
33 70572.9
33 70200.2
33 69825.1
33 69452.3
33 69075.5
33 68606.8
33 68232.2
33 67855.3
33 67464.1
33 67009.2
36 66540.6
37 66153.6
37 65768.9
37 65314.1
37 64945
37 64553.7
37 64155.5
37 63747
37 63364.3
37 62995.2
37 62540.6
37 62082.8
37 61632.4
37 61177.8
37 60793.8
37 60425.7
37 60034.4
37 59636.2
37 59259.4
37 58843.8
37 58485.1
37 58108.3
37 57740.1
37 57396.4
37 56941.6
37 56582.9
37 56125.4
37 55675
37 55259.4
37 54890.3
37 54441.5
37 54027.1
37 53601.5
37 53226.8
37 52801.1
37 52432
37 52045.9
37 51659.8
37 51285.1
37 50827.6
37 50384.2
37 49993.3
37 49542.9
38 49144.7
38 48687
38 48236.6
38 47782
38 47324.5
38 46866.7
38 46482.7
38 46107.5
38 45721.3
38 45407.9
38 44953.1
38 44495.3
38 44181.9
38 43713.2
38 43322.4
38 42908
38 42532.9
38 42107.2
38 41681.6
38 41295.4
38 40911.4
38 40552.7
38 40109.2
38 39734
38 39358.9
38 38983.7
38 38601
38 38257.3
38 37882.1
38 37431.7
38 37017.4
38 36648.3
38 36190.5
38 35735.6
38 35286.8
38 34838
38 34380.5
39 33993.5
39 33680.1
39 33307.4
39 32963.7
40 32572.9
40 32196.1
40 31809.9
40 31361
40 30917.6
40 30448.9
40 30135.5
40 29776.8
40 29319
40 28943.9
40 28535.4
40 28144.2
40 27760.1
40 27377.4
40 27009.3
40 26634.1
40 26185.3
40 25736.4
40 25423
40 24965.3
40 24597.1
40 24283.7
40 23925
40 23467.2
40 23083.2
40 22697
40 22228.4
40 21859.3
40 21490.2
40 21105.5
40 20697
40 20248.2
40 19862
40 19470.8
40 19020.4
40 18637.7
40 18179.9
40 17807.2
40 17421
40 16963.5
41 17432.2
41 17889.7
42 18344.6
42 18770.2
42 19185.8
43 19577
43 19967.8
43 20359.1
43 20741.8
43 21117
43 21493.8
43 21868.9
43 22245.8
44 22620.5
44 22993.2
44 23365.9
44 23709.6
44 24178.3
46 24633.1
46 25090.9
46 25545.5
46 26000.1
46 26450.5
46 26908
46 27362.8
46 27831.5
46 28281.9
46 28739.4
46 29197.2
46 29654.6
46 30103.5
46 30561.2
46 31019
46 31473.6
46 31928.5
46 32378.9
46 32829.3
47 33272.7
47 33716.2
47 34141.8
47 34567.5
47 34976
47 35391.5
47 35807.1
47 36221.5
47 36647.1
47 37072.8
47 37471
47 37869.2
47 38319.6
47 38774.5
47 39229.3
47 39686.8
47 40078
47 40492.4
47 40941.2
47 41328.2
47 41777
47 42168.3
47 42552.9
47 42935.6
48 43319.7
48 43717.9
48 44108.7
48 44485.5
48 44871.7
48 45257.8
48 45626.9
48 46003.7
48 46394.5
48 46763.6
48 47149.8
48 47564.2
48 47932.3
48 48316.4
48 48691.1
48 49075.1
48 49459.1
48 49827.3
48 50202
48 50584.7
48 50953.8
48 51329
48 50903.3
48 50535.2
48 50904.3
48 51372.9
48 50918.1
48 [-1]
48 50895
48 50508
48 50133.3
48 49678.5
48 49280.2
-148 48
48 50030.6
48 50389.3
48 50764.4
48 50378.3
48 50737
48 50338.8
48 49954.2
48 49538.6
49 49084
49 48700
49 49157.7
49 48814.1
49 48455.4
49 48005
49 48473.6
49 48005
49 48453.8
49 48911.6
49 49355
49 49812.8
49 50171.5
49 50620.3
49 51078.1
49 51526.9
49 51870.6
49 52257.6
49 52632.8
49 53090.2
49 53540.6
49 53989.5
49 54358.6
50 54767
50 55139.8
50 55530.6
50 55939.1
50 56282.8
50 56669
50 57060.2
50 56685.5
50 57062.3
50 57375.7
50 57766.9
50 58151
50 58464.4
50 58847.1
50 59233.3
50 58835.1
50 59219.1
50 59605.3
50 59989.9
50 60365.1
51 60747.8
51 61134
51 61509.1
51 61141
51 60772.8
51 60304.1
51 59855.3
51 59397.5
51 58940.1
51 59308.2
51 58850.8
51 58407.3
51 58775.4
51 59144.6
51 59503.3
51 59872.4
51 60245.1
51 60588.8
51 60131.3
51 59722.8
51 59268.2
51 58954.8
51 59313.5
51 58954.8
52 59268.2
52 59581.6
53 59895
53 60208.4
57 60663.3
57 61118.1
57 61586.8
57 62041.4
57 62491.8
58 62917.4
58 63333
58 63748.6
58 64146.8
58 64545
58 64943.2
59 65330.2
59 65716.3
59 66100.4
59 66475.1
59 66843.2
59 67311.9
60 67769.7
60 68227.1
60 68684.6
60 69133.4
60 69492.1
60 69949.6
60 70404.2
60 70847.7
60 71191.4
60 70818.7
60 70427.8
60 70826
61 70357.4
61 69989.2
61 70397.7
61 70772.4
61 70388.4
61 70002.2
61 69587.9
61 69956
62 70324.2
62 70682.9
64 70996.3
65 70538.5
65 70147.7
65 69763.1
65 69378.4
65 69010.3
67 68666.6
67 68268.4
68 67859.9
68 67473.7
68 67115
69 67583.7
71 67974.5
71 68388.9
71 68761.6
71 69147.7
71 69531.7
72 69899.9
73 69513.7
74 69971.5
76 70362.3
76 70746.9
76 71131.5
76 71499.7
77 71908.2
78 72306.4
78 72692.6
79 73051.3
79 73395
80 73081.6
80 72713.4
80 72338.3
80 71952.2
81 71577.5
81 71163.1
81 70787.9
82 70344.5
82 69961.7
83 70347.9
84 69890.2
84 69513.3
84 69104.8
84 68679.2
85 68310.1
86 67859.7
86 67473.5
87 67018.6
89 66610.2
89 66235.5
89 65785.1
89 65426.4
90 65812.5
91 66180.6
91 66555.8
91 66970.2[
91 66595
91 66208
91 65823.4
91 65436.4
91 65053.7
91 64670.9
91 64301.8
91 64745.3
92 65120
92 65495.2
92 65808.6
92 66191.3
93 65742.5
93 65365.6
93 64988.8
93 64580.3
93 65038.1
94 65463.7
94 65872.2
95 66249
95 66699.4
96 67068.5
96 66613.9
96 66156.2
96 65758
96 65373.9
96 64919.1
96 65373.9
96 64925.1
96 64533.9
97 64159.2
97 64545.4
97 64090.5
97 63715.3
97 63329.2
97 63779.6
98 63336.2
98 63744.6
99 64119.3
99 63664.4
99 63287.6
99 62919.5
99 62528.6
99 62074
99 61616.3
100 61161.7
100 61520.4
100 61065.8
101 61452.7
101 61839.7
101 62224.4
101 62607.1
101 62989.8
101 63365
102 63734.1
102 64182.9
102 63768.6
102 63393.4
102 62938.8
103 63347.3
103 62963.2
103 63340.1
103 63716.9
103 63308.4
104 62851
104 62537.6
104 62169.4
104 61714.5
105 62172.3
105 62626.9
105 63081.8
105 63530.6
106 63985.5
106 64383.7
106 64767.7
107 65211.2
107 65602.4
107 65977.1
107 65591
108 65277.6
108 65663.7
108 66038.9
108 66496.6
108 66951.5
108 67406.1
108 67860.7
109 68315.3
109 67860.4
110 68251.3
110 68628.1
110 68996.3
111 68628.1
111 68229.9
111 68684.5
112 69098.8
112 68630.2
112 69087.6
113 69462.8
113 69846.8
113 70301.7
113 70710.2
113 70312
114 69935.1
114 69520.8
115 69888.9
115 69438.5
116 69047.3
116 69360.7
117 68988
117 68629.3
118 68180.5
118 68566.6
118 69021.5
120 68634.5
120 68947.9
121 68499
121 68897.3
121 69365.9
121 69734.1
122 69365
122 68989.8
122 68605.2
122 68150.3
122 67781.2
123 68179.4
124 67788.6
124 68203
124 68653.4
125 69030.2
125 68639
125 68188.6
125 67803.9
125 67417.8
125 67040.9
125 66653.9
125 66295.2
126 66686.5
126 67135.3
128 66749.2
128 67121.9
129 67480.6
129 67023.1
129 66572.7
129 66115.2
129 65706.8
129 65257.9
130 65706.8
130 66093.8
131 66548.6
131 66123
131 65764.3
131 65313.9
131 64863.5
132 65248.1
132 65623.3
133 65992.4
133 66361.5
134 66811.9
134 67202.7
134 66744.9
135 66336.5
135 66173.4
135 65782.1
135 65383.9
135 64969.6
135 64555.2
135 64180
135 63771.6
135 63386.9
135 63002.9
135 62618.9
135 62260.2
135 61876.1
135 62267.4
135 61884.6
135 62269.3
135 62656.3
135 63042.4
136 63419.3
136 63778
137 63352.3
137 63008.6
137 62621.7
138 63079.1
138 63536.6
138 63987
138 64435.8
138 63981.2
138 63572.7
138 63958.9
138 63515.4
139 63101
139 62714
139 62288.4
139 61911.6
139 62320.1
140 62770.4
140 63220.8
141 63646.5
142 63191.6
142 62733.8
142 63092.5
143 63550.3
144 63182.2
144 63590.6
144 64005
145 64419.4
145 64827.8
145 65226.1
145 65617.3
145 66001.9
145 66165
145 66549
145 66933.1
146 67317.1
146 67692.2
146 68075
146 67705.9
146 67319.7
146 67678.4
147 68104
147 68558.6
147 68175.9
147 67807.7
147 67449
147 67072.2
147 66681.4
147 66294.4
147 65919.7
147 65528.9
147 65154.2
147 64763
147 65206.4
148 65593.4
148 66019.1
148 66427.5
148 66841.9
149 67185.6
149 67572.6
149 67949.4
151 68407.2
151 68862
154 68407.2
154 67949.7
154 67575
155 67943.2
157 68329.4
157 68698.5
157 69089.3
158 69480.1
158 69867.1
158 70249.8
158 70641.1
158 70256.4
158 70633.3
158 71008
158 71376.1
158 71750.8
158 72109.5
160 71796.1
161 71338.3
161 70952.2
162 70497.6
162 70054.2
162 70511.6
162 70966.5
164 70591.3
164 70966
166 70582
167 70173.5
167 69758
168 70142.6
170 70600.3
171 71054.9
171 71498.4
171 71884.5
173 72197.9
174 71813.9
174 71356.4
174 71012.7
174 71387.9
174 71003.9
175 70588.3
176 70972.3
176 71387.9
176 71796.4
178 71338.9
178 70952.8
182 70561.6
182 70112.7
183 69669.3
183 69294.6
183 68921.9
183 68506.3
183 68119.3
183 67675.8
183 68133.3
183 67684.5
183 67298.3
183 66872.7
183 66488.6
183 66104.6
184 66488.6
185 66904.2
185 67288.2
186 67631.9
187 67273.2
187 67730.7
189 68116.8
189 67708.3
190 67321.3
191 67770.2
192 68213.6
192 68662.5
192 69105.9
192 69531.6
192 69947.1
193 70338.4
193 70725.4
193 71111.5
193 71495.6
193 71879.6
193 72254.3
193 72627
196 72183.5
198 72542.2
199 72950.7
199 72559.9
200 72116.4
200 72503.4
202 72045.9
202 71658.9
202 71208.5
202 70849.8
202 70459
202 70004.4
202 69617.4
202 69242.3
202 68784.5
202 68334.1
202 67947.1
203 67633.7
203 67175.9
203 66718.2
204 66303.8
204 65913
204 65530.2
204 65186.6
204 64842.9
205 65286.3
207 64913.6
207 64522.8
207 64114.3
207 63670.8
207 63327.2
208 62941
208 62497.5
208 62153.8
208 61779.1
208 61396.4
208 60982
209 61425.5
209 60975.1
209 61365.9
210 61823.4
211 62281.2
211 62735.8
211 63186.2
211 63636.6
212 64094.3
212 64552.1
212 64136.5
212 64527.4
212 64914.4
212 65301.4
212 64875.7
212 65250.9
213 65637.9
213 65180.1
213 65538.8
214 65953.1
214 65562.3
214 65178.3
214 64810.1
214 65201
214 65583.7
214 65128.8
215 64752
215 64337.6
215 63953
215 63502.6
215 63118
215 62731.9
216 63045.3
216 62658.3
216 62209.5
216 61832.6
216 61445.6
216 61101.9
216 61545.4
216 61158.4
216 61502.1
216 61845.8
216 62254.3
217 62697.7
217 63088.6
217 62645.1
217 62331.7
217 61863
217 61478.4
217 61165
217 61537.7
218 61163.1
218 60849.7
218 60477
218 60927.4
218 61341.7
218 60959
218 60543.4
218 60929.6
218 61273.3
218 61656
219 62030.7
219 61632.5
219 61177.6
219 60727.2
219 60272.3
219 59863.9
219 59472.6
219 59088.6
219 58630.8
219 58216.5
219 57831.8
219 57377.2
219 57018.5
219 56645.8
219 56237.4
219 55846.1
219 56189.8
220 55732
220 55340.8
220 54997.1
220 54638.4
221 55096.2
221 55511.8
222 55937.4
223 55578.7
223 55187.9
223 54803.9
223 55258.7
224 55709.1
224 55251.4
224 54853.1
224 55244
224 55692.8
224 56076.8
224 56491.2
225 56033.4
225 55624.9
225 55993.1
225 56377.7
225 55993.1
225 56369.9
225 56838.6
226 56384
226 56768.6
226 56384.6
226 55993.8
226 56379.9
226 56766.9
226 57153.8
226 57597.3
226 57984.3
226 58361.1
227 57988.4
227 57619.3
227 57232.3
227 57576
227 57960.6
228 58376.2
228 58831.1
228 59288.9
228 59743.7
228 60194.1
228 60648.7
228 61023.4
228 61406.1
228 61778.9
228 62236.6
229 62634.8
229 63043.3
229 63457.7
229 63089.5
229 62639.1
229 63047.6
230 63431.6
230 63815.7
230 64206.9
230 64520.3
230 64904.9
230 65218.3
230 65609.5
230 65982.2
230 66295.6
230 65852.2
230 65508.5
230 65867.2
231 65476
231 65834.7
231 66178.3
232 65709.7
233 66167.4
233 65753.1
233 66143.9
233 66527.9
233 66073.3
233 66531.1
234 66144.9
234 65801.2
234 65442.5
234 [-1]
234 66199.5
234 66654.1
235 66205.2
235 65750.6
235 66159.1
235 65701.3
236 66086
236 66476.8
236 66860.8
237 66502.1
237 66889.1
238 67261.8
238 67630.9
238 68081.3
239 68524.8
239 68211.4
240 67898
240 68266.2
240 68734.8
241 69126.1
242 68671.5
242 68284.5
242 67940.8
242 67554.6
242 67163.4
242 66749
242 67092.7
242 67547.3
242 67961.7
243 68416.3
243 68865.1
244 69322.9
244 69709.1
244 69254.5
244 68879.3
245 68496.6
245 68855.3
245 69198.9
248 69557.6
249 69173
249 68729.6
249 68279.2
249 67896.4
250 68351
251 68765.4
252 69156.6
252 69543.6
252 69929.8
252 70243.2
253 70556.6
253 71011.2
253 70843.1
253 70484.4
253 70828.1
255 71210.8
255 71586
256 71131.1
258 71581.5
258 72025
259 72409.6
259 72792.3
262 72406.1
263 72033.4
263 71649.4
263 71262.4
263 70981.1
264 71149.2
264 70763.1
264 70308.5
264 69853.9
264 69484.8
264 69070.4
264 68697.7
264 69056.4
265 69511.3
270 69056.7
272 69338
272 69724.1
273 70178.7
273 70633.3
273 71020.3
273 71404.4
273 71777.1
274 72191.4
274 72577.5
275 72202.4
275 71817.8
275 72186.9
275 72559.6
278 73014.2
280 72559.3
280 72133.7
285 71759
285 71310.2
285 70966.5
285 71351.1
285 71726.3
287 71268.8
287 70891.9
289 71346.8
289 71772.5
290 71303.8
292 70929.1
294 71377.9
295 70920.5
295 71377.9
295 70920.5
296 70607.1
296 70981.7
297 71325.4
297 71702.3
298 72170.9
299 71720.5
303 72095.2
304 72552.7
304 73010.2
307 73460.6
308 73774
313 73387.9
313 72989.6
315 72605.6
319 72222.9
321 71807.3
321 71358.5
321 71184
323 70740.5
323 71138.7
323 71524.8
324 71140.8
325 71524.8
325 71099.2
328 70785.8
329 71168.5
329 70777.7
329 70320.2
329 69929.4
329 69485.9
329 69042.5
329 68665.6
330 68281.6
330 68730.4
330 68904.9
330 69320.5
332 69764
334 70148
335 70573.6
338 70187.5
338 69874.1
338 70331.6
338 70775.1
339 71218.5
340 70775.1
340 70306.4
340 70697.2
340 71088.1
340 71472.1
340 71848.9
341 71450.7
341 71764.1
342 71379.5
342 71066.1
343 70611.5
343 70252.8
344 69854.6
344 69468.5
344 69077.2
347 68702.5
347 68317.9
347 67902.3
348 68288.5
348 68757.1
349 69200.6
350 69514
351 69912.2
352 70366.8
352 70751.4
354 71110.1
354 71508.3
354 71125.6
354 71516.8
354 71903
354 72216.3
356 71848.2
357 72263.8
357 72648.4
358 73023.1
358 72568.2
358 72170
358 71721.2
358 71330.3
359 70872.9
359 70429.4
359 69971.9
359 69587.3
361 69132.7
364 68755.9
364 68442.5
364 68034
365 68416.7
367 68871.6
367 69239.8
367 69688.6
368 69245.1
368 68854.3
368 68468.2
368 68925.6
368 69383.1
368 69781.3
368 70172.2
368 70615.6
369 71070.2
370 71454.9
371 71068.7
373 70618.3
373 70305
373 69930.3
373 70338.7
373 69956
374 70332.8
375 69878
375 69493.3
375 69084.9
375 68715.8
375 68300.2
376 68613.6
377 69057
377 68672.4
377 68313.7
378 68704.5
378 69090.7
381 69476.8
382 69927.2
383 70382
384 70756.7
384 71139.5
384 70755.4
384 70300.6
384 69851.7
384 69508.1
384 69059.2
384 68700.5
384 68242.8
384 68651.2
384 69066.8
385 69451.4
386 69820.5
386 70133.9
387 70518.6
387 70110.1
387 69641.4
388 69255.2
388 68797.4
388 69156.1
389 68788
389 68404
390 68034.8
391 67648.7
391 67223
391 66832.2
391 66457
391 66113.3
391 65669.9
391 65285.8
393 64901.2
393 64515.1
393 64138.3
393 63723.9
393 63348.8
393 62923.1
393 62497.5
393 62047.1
393 61592.2
393 61223.1
393 60879.4
393 60421.9
393 60108.5
393 60566.3
393 61021.2
393 61470
393 61918.8
395 62302.9
395 62661.6
396 63005.3
396 63473.9
396 63931.7
397 63545.5
397 63137
397 62767.9
397 62383.9
397 61915.2
397 62323.7
397 61932.9
397 61464.2
398 61850.4
398 61464.2
399 61848.2
399 62216.4
400 61847.3
400 61533.9
400 61149.9
400 60759
400 61202.5
400 61628.1
400 61997.2
401 62388.1
401 62774.3
401 63158.3
401 63533.5
402 63990.9
402 64445.8
402 64896.2
402 65321.8
402 65747.5
402 66091.2
403 66505.5
403 66891.6
403 67276.3
403 67653.1
404 68028.3
404 68397.4
404 67939.6
404 67531.1
404 67076.5
404 66699.7
404 66308.9
404 65939.7
404 65567
405 65910.7
405 65526.1
406 65839.5
406 66308.2
406 66776.8
407 67185.3
407 66794.1
407 66408
407 65953.4
407[ -1]
407 65118.4
407 64741.5
407 64327.2
407 63959
408 64349.8
408 64736
408 65120.1
408 65489.2
409 65875.3
410 66266.2
410 66650.2
410 67019.3
412 66634.7
412 66948.1
413 67405.9
413 67860.5
414 67402.7
414 67016.6
414 66630.5
414 66253.6
414 65894.9
414 66303.4
414 65845.6
414 65501.9
414 65044.5
414 65435.3
415 65812.1
415 66184.8
415 [-1]
415 65712.6
415 65269.1
415 65653.7
416 66108.3
416 66558.7
417 66973.1
417 67364.3
417 67750.4
418 68135
418 68511.9
418 68880
421 68422.2
422 68806.9
422 69264.6
422 69722.4
423 70179.9
423 70648.6
424 71092
424 71478.1
424 71864.3
424 72241.1
425 71855
425 72213.7
425 72557.4
426 72930.1
429 72543.1
429 72088.5
429 71690.3
429 72148
433 71775.3
433 71331.9
435 71718
438 72172.6
439 72570.8
439 72957.8
442 73401.3
443 73026.6
443 72577.7
443 72120
443 71750.9
444 72123.6
444 71715.1
444 71299.5
445 70891
446 70436.4
446 70022.1
446 69564.3
446 69109.4
446 68660.6
446 68287.9
450 67901.7
450 67451.3
450 67066.7
450 66698.5
450 66323.8
450 65933
450 65550.3
450 65092.5
450 64635
450 64180.4
450 63836.7
450 63478
450 63101.2
450 62657.7
450 62280.9
452 62738.7
452 62313
452 61855.6
452 61471.5
452 61920.4
453 61552.2
453 61094.7
453 60736
453 60366.9
453 59982.3
453 59538.8
453 59169.7
454 58811
454 58434.2
454 58061.5
454 58436.2
454 58851.8
454 59260.2
454 59629.3
454 60083.9
454 60541.7
454 60996.6
455 61445.4
455 61132
455 60733.8
455 60357
455 59908.1
455 59464.7
455 59015.9
455 59430.2
455 59838.7
455 59388.3
455 59013.6
455 58622.8
456 58197.1
456 57782.8
456 57410.1
456 56994.5
456 57367.2
458 56909.7
458 56484.1
458 56033.7
458 55576.2
458 55127.4
459 55585.2
459 56035.6
459 56493
459 56947.6
459 57391.1
460 57781.9
460 58168.1
460 58552.7
460 58935.5
461 59310.2
461 59687
461 60063.8
461 60432
461 60889.4
461 60505.4
461 60096.9
461 59714.2
461 59339.5
461 59698.2
461 59323.1
461 58947.9
462 59373.5
462 59717.2
462 60174.7
462 60618.2
463 61002.2
464 60634
464 60179.2
464 59724.6
464 60109.2
464 60558
464 61006.8
464 61450.3
464 61818.5
464 62187.6
464 62564.4
464 62933.5
464 63383.9
464 63756.6
464 64115.3
465 64474
465 64899.7
465 65297.9
465 65712.2
465 66127.8
466 66504.6
466 66895.5
466 67270.2
466 67642.9
467 68100.4
467 67731.2
467 67363.1
467 66988.4
467 67445.9
467 67896.3
467 68345.1
467 68770.7
468 68302.1
468 68615.5
471 69023.9
471 69408
471 69790.7
472 70165.4
472 70540.6
472 70915.7
472 71370.6
472 71825.2
473 71457
473 71073
473 70696.2
473 70382.8
473 69925
473 69534.2
473 69079.3
473 68624.7
473 68256.5
474 68624.7
476 69093.4
477 69468.1
477 69837.2
477 70205.3
478 69819.2
479 69460.5
479 69017
479 68562.4
479 68119
479 67805.6
480 67336.9
481 66950.7
481 66493.3
481 66095
481 65640.2
481 66097.9
482 66552.8
482 67007.4
483 67398.2
483 67782.3
483 68159.1
483 67782.3
484 68150.4
484 68518.6
484 68159.9
485 67769
485 67353.5
485 66967.4
485 66512.5
485 66055
485 65682.3
485 65233.5
485 64778.6
485 64328.2
485 63943.6
485 63488.7
485 63114
485 63427.4
486 63054.7
486 62670.1
486 62261.6
487 61863.4
487 61519.7
487 61132.7
487 60678.1
487 60234.6
487 59766
487 59315.6
487 58858.1
487 58414.6
488 58883.3
488 59337.9
488 59781.4
488 59323.9
488 59767.4
488 59376.1
488 58921.3
488 58546.6
488 58077.9
489 57679.7
489 58065.8
489 57707.1
489 57263.6
489 56879
489 57336.5
490 57791.3
491 58150
491 57758.8
491 58157
491 58543.2
492 58158.6
492 58472
493 58929.5
493 59384.3
493 59833.2
494 60288
494 60738.4
494 60351.4
494 60806.3
494 60462.6
494 60071.8
494 59603.1
494 59980
494 60395.5
495 60786.4
495 61172.5
495 61545.2
495 61929.8
496 62288.5
496 62757.2
496 63131.9
496 63540.4
496 63995
496 64452.4
496 64902.8
496 64459.4
496 64902.8
496 65346.3
496 65730.9
497 66103.6
497 66572.3
497 66197.1
497 65883.8
497 65475.3
497 65873.5
497 66331
497 66785.8
497 67172.8
498 67616.3
499 68014.5
499 68405.7
499 68749.4
499 69134
499 69508.7
499 69117.5
500 69476.2
500 69092.2
500 68637.6
501 69028.8
502 69413.4
502 69028.8
502 68653.6
502 69122.3
503 68737.7
503 68339.5
503 67962.7
504 68353.5
504 68740.5
505 69183.9
505 69527.6
506 69214.2
506 68770.8
506 68302.1
506 67851.7
507 68260.2
507 67851.7
507 67460.9
508 67836
509 68290.6
509 67917.9
509 67533.9
509 67925.1
510 67581.4
510 67894.8
511 68278.8
513 68663.5
513 69038.6
513 69436.8
514 69821.5
514 70198.3
514 70667
515 71110.4
515 71560.8
516 71191.7
516 70814.9
516 70430.3
516 70062.1
516 69607.5
517 70016
517 70406.8
518 70720.2
519 70265.4
519 69879.2
519 69430.4
519 69071.7
519 68614.2
520 68998.3
520 69371
520 68916.4
520 68461.8
520 68075.6
520 67667.1
520 67276.3
520 66818.8
520 66450.6
520 66075.5
520 65716.8
521 66060.5
521 65646.1
522 65177.4
522 64833.8
524 64378.9
524 64004.2
524 63535.5
524 63066.8
524 62690
525 63144.6
526 62776.5
526 63161.1
527 63537.9
527 63907
527 64275.2
528 64732.6
528 65187.5
528 65636.3
529 66090.9
529 66545.5
529 67003
530 67389.1
530 67797.6
530 68156.3
531 67730.7
531 67361.6
531 67752.4
531 68138.6
531 67681.1
531 68149.8
531 68524.9
531 68939.3
531 69307.5
532 69666.2
533 70134.8
533 70603.5
533 71058.4
534 71402.1
535 71778.9
535 72153.6
536 72521.7
539 72152.6
539 71809
539 71365.5
539 71006.8
539 70615.6
539 70166.7
539 69751.2
539 69374.3
539 69831.8
540 70257.4
541 70626.6
542 70235.3
542 69819.7
542 69421.5
542 68995.9
543 68637.2
543 68251.1
543 67852.9
543 67483.7
543 67115.6
543 66746.5
548 66289
548 65905
548 65513.8
548 65962.6
548 65548.2
548 65163.6
548 64819.9
548 64432.9
548 64876.4
548 64407.7
548 64823.3
549 64464.6
549 64095.5
549 63720.3
549 63329.1
549 62920.6
549 62536
549 62152
549 61767.9
549 62159.2
549 61715.7
549 62092.5
550 62461.6
550 62820.3
550 62376.9
550 61951.2
550 62294.9
551 61886.4
551 61460.8
551 61076.2
551 60708
551 60349.3
551 60775
551 61190.5
552 61588.8
552 61980
553 62378.2
553 62764.3
554 62547.4
554 62916.5
554 63275.2
554 63644.3
554 64012.5
556 63586.8
556 63161.2
556 63145
556 62758.9
556 62333.3
556 61942.1
556 62410.7
556 62868.2
557 63282.6
558 62905.7
558 63297
558 62842.4
558 63285.8
558 62870.3
558 62479
558 62863.1
558 63250
558 [-1]
558 63247.7
558 62873
558 62481.8
559 62104.9
559 61722.2
559 62130.7
559 62539.2
559 62982.6
559 63367.3
559 63751.3
559 64135.3
559 64479
559 64904.6
559 65279.8
560 65648.9
560 66007.6
560 66433.3
561 66841.7
561 67226.4
562 67594.5
562 67953.2
563 67502.8
564 67719.7
564 67735.9
565 68161.5
565 68587.1
565 69012.8
566 69404
566 69790.1
567 70244.7
568 70660.3
568 70276.3
568 69893.5
568 69518.9
568 69104.5
568 69495.7
568 69887
568 70263.8
568 70650.8
569 71025.5
569 71408.2
569 71785
572 72235.4
577 71851.4
578 72265.7
578 71797.1
578 71371.4
578 70902.8
578 70494.3
578 70126.1
578 70510.1
578 70892.9
579 71267.6
579 70818.7
579 70361.3
579 69970
580 69601.9
580 69158.4
580 68689.7
586 68291.5
587 68760.2
587 69228.9
588 69612.9
588 70038.5
588 70447
588 70915.7
588 71373.2
588 71822
589 72265.5
589 72633.6
590 73024.8
590 72640.8
590 72264
590 71872.8
590 71500
590 71091.6
590 71459.7
592 71084.6
592 70627.1
592 70235.9
594 69877.2
594 69491
594 69065.4
594 68678.4
596 68292.3
596 68690.5
600 69099
600 69490.2
600 69874.3
600 69530.6
600 69155.9
600 68712.4
600 69089.2
601 69462
601 69919.4
602 69550.3
602 69165.7
602 68716.9
602 69108.1
602 69106.9
603 69482.1
603 69907.8
603 69520.8
603 69052.1
604 68626.4
604 68240.3
604 67871.2
604 67484.2
604 67871.2
604 68257.3
605 68616
606 69002.1
608 68615.1
608 68229
609 68672.5
611 69047.1
611 69496
612 69839.7
612 69840.8
612 70309.5
613 70694.1
613 71119.7
613 71488.9
614 71875.8
614 72262
614 72649
614 73018.1
617 72649
617 72257.8
618 72644.8
618 73030.9
627 73422.1
627 72978.7
628 73347.8
628 72904.3
628 72435.6
629 72044.8
629 71589.9
629 71199.1
634 70855.4
634 70496.7
635 70183.3
635 69774.8
635 69402.1
635 69016
636 69459.5
636 69009.1
637 69477.7
637 69921.2
637 69535.1
637 69149
637 68762
637 68347.6
637 67898.8
638 68353.7
639 68744.5
639 69135.3
640 68726.9
640 68258.2
643 67843.8
643 67461.1
645 67869.6
645 68320
645 68678.7
646 69064.8
646 69408.5
646 69781.2
646 70230
647 70644.4
648 71030.5
648 71416.6
648 71803.6
648 72117
648 72585.7
649 72994.1
652 73408.5
653 72982.8
653 72525.4
653 72134.1
653 71790.5
653 72173.2
654 71724.4
660 71338.3
660 71024.9
660 70556.2
660 70105.8
660 69680.1
660 69294
662 69751.5
662 70200.3
662 70626
663 70234.7
663 70230.9
663 69839.7
663 70230.9
665 70574.6
668 71043.3
668 70666.5
669 70216.1
669 69772.6
669 69381.8
669 69832.2
669 69446
669 69871.7
670 69417.1
670 69002.7
670 68559.3
670 68945.4
670 69331.5
673 69644.9
673 69301.2
673 68852.4
673 68484.2
673 68029.3
673 67580.5
673 67971.7
673 ]
674 67980.2
674 67522.5
674 67096.8
674 66714.1
675 66717.9
676 66263.3
676 65876.3
676 65421.7
676 65007.4
676 64623.3
676 64264.6
676 63889.5
677 63440.6
677 63891
678 64334.5
678 64789.1
678 64340.3
679 63954.2
679 63528.5
679 63141.5
679 63585
679 63975.8
679 64352.7
679 64738.8
679 65153.1
680 64770.4
680 64372.2
681 63963.7
681 63572.9
682 64027.7
682 64476.6
682 64925.4
683 65383.2
683 64999.1
683 65424.8
684 65792.9
684 66175.7
685 66519.4
685 66974
685 67428.6
685 67042.5
685 66683.7
685 67066.5
685 67480.8
686 67929.7
686 68316.7
686 68700.7
687 68309.5
687 67911.2
687 68269.9
687 68645.1
687 69093.9
688 69519.6
689 69905.7
689 70292.7
690 69834.9
690 70233.1
690 70615.8
691 71024.3
691 71415.2
693 71799.2
695 72185.3
696 72544
697 72100.5
697 72491.8
697[ :
698 73347.8
706 73791.2
