0 41176.7t
3 40833
3 40364.4
12 40833
14 41176.7
26 40761.1
27 40386
27 40017.8
27 39704.4
29 39313.6
30 38929.6
30 38544.9
32 38130.6
32 37673.1
32 37215.6
32 36831.6
33 36362.9
33 35972.1
33 35596.9
33 35210
33 34818.7
33 34350.1
33 34006.4
33 33631.2
33 33180.8
33 32867.4
33 32451.8
33 32061
33 31635.4
33 31262.6
33 30919
33 30575.3
33 30106.6
33 29722.6
33 29338.5
33 28963.4
33 28590.7
33 28207.9
33 27821.7
33 27367.2
33 26990.3
33 26615.2
33 26242.4
33 25859.7
33 25445.4
33 24995
33 24610.9
33 24224.7
33 23847.9
33 23478.8
33 23024.2
33 22641.5
34 22225.9
34 21910.1
34 21455.2
35 21029.6
36 20643.4
36 20260.6
36 19852.2
36 19477
36 19085.8
] 36remain
36 19046.5
36 18659.5
36 18210.7
36 17827.9
36 17402.3
36 17019.5
36 16650.4
36 16252.2
36 15877.1
36 15493
36 15035.6
36 14585.2
36 14217
36 13766.6
36 13352.2
38 13727.4
38 14095.6
39 14486.4
40 14799.8
40 15183.8
40 15568.4
40 16025.9
40 16483.4
41 16952.1
41 17420.7
41 17835.1
41 18303.8
42 18754.2
42 19208.8
42 19663.4
42 20113.8
42 20539.4
42 20955
43 21369.3
43 21753.4
43 22069.2
43 22524.1
43 22915.3
43 23306.1
43 23697
43 24084
43 24470.1
43 24854.2
43 25238.2
43 25620.9
43 26007.1
43 26422.7
43 remain
43 27564.6
43 27939.8
43 28322.5
43 28699.3
43 29074.5
43 29449.7
44 29822.4
44 30199.2
44 30571.9
44 30944.6
44 31313.7
44 31768.6
44 32112.3
44 32569.8
44 32913.5
44 33257.2
44 33706
45 34156.4
45 34606.8
45 35032.4
45 35458.1
45 35866.5
46 36179.9
46 36594.3
46 36992.5
46 37383.7
46 37769.9
46 38156.9
46 38539.6
46 38923.7
46 39306.4
46 39689.1
46 40064.3
46 40439.5
46 40808.6
47 41176.7
55 40718.9
55 40336.2
60 39953.5
61 39555.3
64 40013
64 39669.3
64 39278.1
64 38869.6
65 39252.4
66 38861.1
66 38410.8
66 38035.6
66 37649.5
69 37223.8
69 36848.7
69 36473.5
70 36856.2
71 37254.5
74 37159.5
74 37568
74 37959.2
74 38409.6
75 38018.8
75 37561.3
75 37170.1
76 37513.8
76 37905
76 38291.1
76 38666.3
77 38197.6
77 37838.9
77 37466.2
79 37891.8
80 38267
80 38642.2
82 38737.1
84 39194.6
84 38763.6
85 39154.5
85 39545.7
86 40014.4
88 40387.1
89 40745.8
89 40359.6
90 39945.2
93 39568.4
93 39124.9
93 38738.7
93 38289.9
93 38720.9
93 38377.2
94 37985.9
99 37528.2
99 37137.3
99 36762.2
99 37148.4
99 37562.7
101 37119.3
101 36751.1
101 36293.6
101 35902.8
101 35527.6
101 35158.5
101 34750
102 35198.9
102 35642.3
103 36028.5
103 36405.4
104 35956.5
104 35569.5
104 35960.8
105 35545.2
105 35888.9
105 35520.7
105 35063.2
105 34686.4
105 34317.3
105 33919.1
105 33475.6
106 33020.8
106 32577.3
106 32119.8
107 32577.6
107 32108.9
107 31732.1
107 31388.4
107 30919.7
107 30528.5
107 30160.3
107 29702.9
108 29318.2
108 28892.6
108 28443.8
108 28059.7
108 27610.9
108 27267.2
108 26899.1
108 26515
108 26106.6
108 25747.9
108 25434.5
108 25049.9
108 24663.7
108 24294.6
108 23908.4
108 23524.3
108 23155.2
108 22697.5
108 22254
108 21940.6
108 21554.5
108 21167.5
109 20784.8
109 20369.2
109 20760
110 21135.2
110 21592.7
110 21134.9
110 20776.2
110 21219.7
110 20835
110 20459.9
111 20075.8
111 20484.3
111 20875.2
111 20488.2
112 20044.7
112 20419.9
112 20788
112 21157.1
113 21606
114 22063.4
114 22506.9
114 22893.9
114 23309.5
115 23766.9
115 24221.8
115 24620
115 25063.5
116 25440.3
116 25808.5
116 26177.6
116 25804.9
116 25390.5
116 24921.8
116 25390.5
116 25859.2
116 25484.5
116 25942
116 26399.7
116 26848.6
117 27297.4
117 26899.2
117 26450.4
117 26893.8
117 27319.5
117 27727.9
118 27341
118 27732.2
118 28116.8
118 28500.8
118 28887
118 29273.2
118 29657.2
118 30034.1
118 30418.7
118 30802.7
118 31170.9
118 31539
119 31925.1
119 32294.2
119 32663.4
119 33050.3
119 33465.9
119 33923.7
119 34282.4
119 34626.1
119 34969.8
119 35352.5
119 34897.9
120 35282.5
120 35595.9
120 35909.3
121 36352.8
121 36727.9
121 37086.6
121 37470.7
122 37857.7
122 37432
124 37041.2
124 36650.3
124 37119
125 36704.7
126 37119
126 37567.8
126 37183.8
126 36769.5
126 36456.1
126 36142.7
126 35784
126 35369.6
127 35742.3
127 36140.5
127 36515.2
128 36902.2
128 37356.8
130 36931.2
131 36735.1
132 37160.7
134 37551.5
134 37942.4
134 37487.5
134 37901.8
136 38316.2
136 38730.6
136 39114.6
138 39473.3
138 39098.1
138 38723.4
138 38268.6
139 38582
139 39007.6
139 39321
139 38946.3
140 38520.7
140 38136.6
141 37668
141 37596.6
141 37146.2
141 37342.3
143 37797.2
144 37775.2
145 37326.4
145 37013
145 36614.8
145 36224
147 36678.8
148 36291.8
149 36667
149 37041.7
149 37467.3
150 37936
150 37527.5
150 37902.2
150 37517.6
150 37901.6
150 38352
151 37969.3
151 37518.9
151 37070.1
151 36685.4
152 36756.8
153 36778.8
154 37227.6
154 36773
154 36329.5
154 35874.7
154 35497.8
155 35896.1
155 36286.9
156 35928.2
156 35542.1
157 35423.9
157 35737.3
158 36124.3
160 36532.8
160 36983.2
160 37432
161 37816.6
162 38201.3
162 38584
162 39038.6
163 39482
163 39936.9
164 39546.1
165 39088.3
165 38715.6
165 38328.6
165 38705.4
166 39091.6
167 39450.3
167 39568.4
169 39159.9
172 38772.9
174 39230.7
174 39621.5
175 40008.5
176 40381.3
178 39994.3
179 40402.7
182 40789.7
184 40421.6
184 40053.4
188 40440.4
188 39971.7
195 40339.9
195 40708
197 40321.1
197 39870.7
197 40339.3
203 40079.9
205 40530.3
207 40917.3
209 40526.5
209 40135.6
209 39749.4
211 39358.6
211 39618
214 39241.2
214 38786.6
216 38332
217 37973.3
217 37547.7
217 37160.7
217 36776.1
219 37166.9
219 37557.7
219 37943.9
221 38334.7
222 38789.3
224 39166.2
225 39620.8
226 39277.1
226 39702.7
227 40089.7
227 40474.3
228 40833
229 40519.6
229 40176
229 39789.8
229 39414.6
236 38957.1
237 39300.8
238 38957.1
239 38582.4
239 38968.6
240 38584.6
240 38959.8
241 39303.4
242 39616.8
244 39173.4
244 38782.1
244 38396
244 37952.6
244 37483.9
245 37941.4
246 37483.6
246 37110.9
247 36702.4
247 36247.8
248 35863.8
248 35520.1
248 35161.4
248 34770.2
249 34371.9
249 34715.6
250 35090.3
250 35474.3
250 35088.2
250 34713
250 34369.3
250 33925.8
250 33500.2
251 33117.5
251 32648.8
251 32274.1
251 31823.7
251 31368.8
251 30960.4
251 30502.6
251 30033.9
251 29659.2
252 29272.2
253 29715.7
253 30184.4
253 30627.8
254 30173.2
254 29715.5
254 29324.6
254 28867.2
254 28480.2
254 28022.7
254 28413.9
254 28800
254 28441.3
254 28082.6
254 27738.9
254 27354.9
254 26911.5
254 26503
254 26128.3
255 25702.6
255 25359
255 25816.7
255 25425.5
255 24999.9
256 25454.5
257 25827.2
257 26235.7
258 25844.8
258 25475.7
258 25859.7
258 26251
259 25874.1
259 26232.8
259 26631.1
259 27074.5
259 27543.2
259 27886.9
260 28355.6
260 28781.2
260 29231.6
260 29686.5
260 30144.2
260 29686.8
260 29304
260 29244
260 28835.5
260 28449.4
261 28835.6
261 28448.6
261 27990.8
261 27606.2
261 27197.7
261 27606.2
261 27981.4
261 28364.1
261 28738.8
262 29113.5
262 29457.2
262 29844.1
262 30301.9
262 30759.4
262 31216.9
262 31671.5
263 32114.9
264 32505.8
264 32892.7
264 33318.4
264 33726.9
265 34152.5
265 34536.5
265 34911.2
265 35302.5
265 35661.2
266 36019.9
266 36363.5
266 36707.2
268 37098.1
269 37555.5
269 37169.4
269 37538.5
269 37915.3
269 38373.1
270 37986.1
270 37610.9
270 38019.4
270 38402.1
270 38462.2
271 38870.7
271 39256.8
271 39643.8
271 40028.4
273 39584.9
275 39141.4
279 39527.6
280 39119.2
280 38736.4
280 38368.3
280 38755.3
281 39130.4
282 39573.9
284 40017.3
285 39633.3
285 39258.6
285 38808.2
285 38393.9
285 37979.5
290 38388
290 38770.7
291 39138.9
293 38795.2
294 38481.8
294 38932.2
295 39346.6
295 39760.9
295 40145
296 40519.6
297 40051
297 39635.4
297 39226.9
297 38840.8
297 38624.7
299 38199
299 37784.7
299 37411.9
300 37264.1
300 36806.6
300 36447.9
301 35993
303 35623.9
304 35209.5
304 34766.1
304 34382.1
305 34725.7
305 35194.4
305 35410.5
306 35826.1
306 36139.5
306 36548
307 36934.1
307 36483.7
309 36941.2
309 37366.8
309 37781.2
309 37408.5
309 37166.5
309 37621.4
309 37166.8
310 36779.8
310 36466.4
310 36839.1
311 36987
311 37345.7
313 36976.6
313 36522
313 36123.8
313 35737.6
313 36181
313 36595.4
313 36964.5
314 36589.8
314 36973.8
315 36582.6
315 36132.2
316 36582.6
317 36199.9
317 35823.1
317 35454.9
317 35063.7
317 34609.1
317 34140.4
318 34595
318 34837
319 34528.2
320 34900.9
320 35287.9
321 34839.1
321 34440.9
321 34895.5
323 35293.7
323 35607.1
323 35993.3
323 36362.4
324 36812.8
324 37187.5
325 37578.7
325 38047.4
326 38502
326 38126.8
326 37744.1
326 37289.2
327 37680.4
327 37471.6
327 37854.3
327 38231.1
328 38599.3
329 38141.8
329 37751
329 37364.9
329 36978.8
329 36553.1
330 36861.9
330 36485
330 36016.4
330 36465.2
330 36016.4
331 35669.2
331 36067.4
335 36522.3
337 36905
337 37280.2
338 37489
338 37946.5
338 38415.2
339 38840.8
339 39289.7
339 39680.5
340 40066.6
340 40452.7
340 40829.6
341 41176.7
345 40818
355 40431
355 39980.6
356 39603.8
356 39962.5
357 39548.1
359 39093.5
360 38706.6
364 39157
364 38765.7
365 39152.7
365 38709.3
365 38340.1
366 38754.5
367 39131.3
367 38746.7
368 39201.3
368 38750.9
370 39137.9
370 38769.7
370 38397
370 38021.9
370 37596.2
370 37219.4
370 36793.7
370 36385.3
371 35962.3
372 35594.2
372 35136.7
374 34824.1
374 34440
374 34053.8
374 33667.7
374 33259.2
374 32808.8
374 32439.7
374 32883.1
375 33274.4
375 32905.3
376 33274.4
377 33724.8
377 33270.2
377 33654.8
378 33264
380 33689.6
380 34115.2
380 34538.2
380 34946.7
380 34562.1
381 34938.9
381 35314.1
381 35686.8
381 36054.9
381 36512.4
381 36127.8
381 35811.9
383 36124.6
383 36575
383 36943.1
384 36701.1
384 37109.6
384 37495.8
384 37879.8
384 38266
385 38635.1
386 38260.4
386 38629.5
386 39084.1
388 39475
390 39790.8
391 39377.1
391 39761.7
392 40146.3
393 39949.6
393 40191.5
393 39818.8
396 40193.5
399 40607.2
401 40291.4
402 40488.2
404 40860.9
405 40412.1
410 40727.9
413 41176.7
420 40871.1
420 40413.6
420 40230.9
421 39780.5
422 39412.4
426 38962
427 38493.3
429 38676
429 39133.4
430 38690
430 38232.2
430 37845.2
430 37460.6
430 37005.7
430 36562.3
430 37012.7
430 36643.5
431 36949.2
433 37317.4
435 37215.7
435 36872
435 37322.4
435 37791.1
438 37322.4
438 36867.8
438 36410.3
438 36019.5
438 35646.8
439 36104.5
439 36559.4
439 37002.9
439 37446.3
440 37055.1
440 36671.1
440 36288.4
440 36675.3
440 37060
441 37429.1
447 37772.8
447 38241.4
447 37864.6
447 38322.1
447 38776.7
448 38878.4
448 38738.7
448 38330.3
448 38181.6
449 38572.4
449 38945.1
450 39336.4
450 39720.4
451 40103.1
457 40242.7
458 40619.6
458 40768.2
458 41176.7
461 40733.3
462 40424
465 40015.5
470 40459
472 40086.3
473 39637.4
474 40045.9
475 40355.2
477 39964
477 39650.6
477 39207.1
482 39655.9
482 40028.6
484 39560
486 40003.4
487 40394.7
490 40708
492 41176.7
494 40733.3
494 40342.4
497 40207.9
497 39739.2
497 39380.5
497 38993.5
497 38891.8
501 38423.1
501 38014.7
501 37589
501 37180.5
503 37624
504 37310.6
504 36860.2
504 36434.6
504 36825.4
505 36450.7
505 36025.1
505 35616.6
505 35218.4
505 34849.3
505 34458
506 34926.7
506 34540.6
506 34126.3
506 33668.8
506 33286
506 32917.9
506 32460.4
506 32073.4
506 31698.3
507 31300
508 31687
508 31821.6
508 32180.3
510 31722.5
510 31353.4
510 30976.6
510 31445.3
510 31546.9
511 31972.6
511 32381.1
511 31912.4
511 32320.9
512 31977.2
513 32427.6
513 32013.2
513 31555.4
513 31981.1
515 32406.7
515 32815.2
515 33272.7
515 33730.2
515 34121.4
515 33777.7
515 33322.8
515 32931.6
515 32548.9
515 32157.6
516 31798.9
516 31429.8
516 31045.8
516 31420.5
516 31834.8
516 32204
516 32573.1
517 32959.2
517 33357.4
517 33744.4
517 34127.1
517 33718.6
517 34032
517 34407.2
517 34775.3
518 35233.1
519 34858
520 34471.8
520 34940.5
520 35317.3
520 35686.4
522 35559.3
522 36017
523 35608.5
523 35217.3
523 34759.5
523 34382.7
523 34797.1
523 34406.2
523 34029.4
524 34373.1
524 34828
526 35219.2
526 35610.4
526 35993.2
526 36377.2
526 35919.7
526 35521.5
526 35153.3
526 35522.4
527 35930.9
527 35480.5
527 35839.2
527 35455.2
527 35798.9
528 35414.3
528 34956.8
528 34570.7
528 34184.6
528 33801.8
528 33419.1
528 32970.3
530 33345.4
530 33731.5
531 33858.7
531 33433.1
531 33018.7
532 33476.5
533 33885
533 34276.2
534 34653
534 35043.9
534 35420.7
534 35052.6
535 35510
535 35960.4
536 36358.6
536 35999.9
536 36457.4
537 36825.6
537 37209.6
537 37658.4
538 37290.3
538 37676.4
538 38061
538 38447.1
539 38829.9
539 39212.6
540 38826.5
540 39252.1
540 39666.5
542 39217.6
543 38904.3
543 38519.6
545 38150.5
545 38518.7
548 38877.4
549 39245.5
550 39631.7
550 40080.5
554 40465.1
555 40021.6
555 40390.7
556 40704.1
559 40289.8
559 39875.4
559 39466.9
561 39084.2
564 39527.7
565 39136.4
568 38777.7
568 38386.9
569 38801.3
569 39215.6
569 39624.1
571 40006.8
575 39631.7
576 40022.9
579 40413.7
579 40772.4
584 40404.3
586 40779.4
594 40330.6
595 40698.8
603 41147.6
