0 59698t
4 59307.2
4 58923.1
4 58454.5
4 58079.3
12 58548
14 58938.8
14 59322.8
15 59698
21 59282.4
22 58813.8
25 58438.6
31 58907.3
31 59322.8
32 58938.8
35 58481.3
35 58012.7
35 57635.8
35 57167.2
35 57542.3
38 57198.6
38 56823.5
38 56440.7
38 55985.9
38 55601.8
38 55233.7
39 54846.7
39 54477.6
40 54094.9
42 53710.2
42 53327.5
42 52877.1
42 52419.6
43 52803.7
43 53261.1
44 53729.8
44 53314.2
44 53782.9
44 53469.5
44 53043.9
45 52668.7
45 52260.2
45 51885.1
46 52261.9
46 51874.9
47 52329.8
48 52713.8
48 53096.5
48 53471.7
49 53839.9
49 54226.9
49 54570.5
49 54939.6
50 55322.4
50 54937.8
50 54487.4
50 54032.5
50 53616.9
50 53191.3
50 52822.2
50 53279.6
50 53730
51 53357.3
51 52974.6
52 52559
52 52104.4
52 52489
52 52871.8
53 53287.3
54 53713
55 54121.5
55 53735.3
55 53291.9
55 52883.4
55 52508.2
56 52883.4
56 53258.6
56 53645.6
57 53958.9
58 53576.2
58 53232.5
59 53687.4
59 54137.8
60 54563.4
60 54979
60 54602.2
60 55056.8
61 55441.4
61 55810.5
61 56226.1
62 56608.8
62 56250.1
62 56622.8
64 56250.1
64 55882
64 55509.2
64 55952.7
65 56361.2
65 55993
65 56379.1
66 56754.3
68 56379.1
68 56004
68 55635.8
68 55251.8
68 54853.6
68 54485.4
68 54027.6
68 53684
68 53325.3
68 52874.9
68 52561.5
68 52248.1
68 51873.4
68 51423
68 51047.8
68 50665.1
68 50290.4
68 49977
68 49528.2
68 49153.5
68 48768.9
68 48455.5
68 48057.3
68 47608.5
68 47153.9
68 46767.7
68 46381.5
68 46006.4
68 45662.7
68 45204.9
68 44736.3
68 44361.6
69 44744.3
69 44430.9
69 44046.9
69 43578.2
69 43234.5
69 42843.7
70 43187.4
71 42737
71 43113.8
73 43472.5
73 43003.8
73 42617.6
73 42209.2
73 41825.1
73 41457
73 41113.3
73 40698.9
74 40241.2
74 40613.9
75 40982
75 41354.7
75 40956.5
76 40541
76 40126.6
76 40494.7
76 40080.4
76 39705.7
76 39321.1
76 38952
77 39409.8
77 39878.4
77 40328.8
77 40783.4
77 41233.8
77 41682.6
77 42140.4
77 42589.2
77 42202.3
77 41833.1
77 41465
77 41096.8
78 41565.5
78 41963.7
78 42361.9
79 42746
79 43130.6
79 43513.3
79 43899.4
79 44285.6
79 44660.8
79 45036
79 45411.1
79 45785.8
79 46160.5
79 46535.2
79 46910.3
79 47278.5
79 47646.7
79 48021.3
79 47612.9
79 47971.6
80 48355.6
80 48806
80 49196.8
80 49540.5
80 49884.2
80 49515.1
81 49858.8
81 50172.2
81 50485.6
81 50799
81 51112.3
81 50841
81 50468.3
81 50178.3
81 49720.8
81 49336.7
82 49805.4
82 50118.8
82 49760.1
83 50174.5
83 50632.2
83 51040.7
83 50654.6
83 51040.8
83 51424.8
84 51793
85 52136.7
85 52534.9
86 52950.5
86 53364.8
86 53779.2
86 53420.5
87 53805.1
87 54179.8
87 54548.9
88 54935.9
88 55305
88 55673.1
88 56041.3
89 56449.8
90 55994.9
90 56266.2
90 56723.7
90 56274.9
91 56644
91 56195.2
91 55803.9
91 55434.8
91 55009.2
91 54554.3
91 54105.5
92 53746.8
92 54130.8
92 54420.9
92 54793.6
93 55152.3
94 55538.4
97 55151.4
98 55510.1
98 55965
99 56413.8
100 56868.7
100 57317.5
100 57766.3
101 58192
101 57878.6
101 57503.9
101 57035.2
101 56662.5
101 56279.8
101 55836.3
101 55459.5
101 55084.3
101 54900
101 54541.3
101 54932.6
102 55301.7
103 55660.4
106 55291.3
106 54900.4
106 54442.7
107 54059.9
108 54446.9
109 54915.6
110 55359
111 55741.8
111 56118.6
111 56493.3
111 56866
112 56397.3
112 56772.5
112 56956.8
112 57315.5
113 56931.5
114 57244.9
114 56836.4
115 57294.2
117 56919
117 57309.8
117 57678.9
117 57264.6
118 57647.3
118 57189.8
119 56802.8
120 57271.5
123 57655.5
124 58064
125 57687.2
125 57272.8
125 56881.6
125 56431.2
125 55982.4
127 56439.9
127 56854.2
127 57229.4
128 56760.7
128 56311.9
128 55968.2
128 55553.8
128 55195.1
128 54826
128 54371.4
128 53985.2
128 53527.8
128 53155.1
128 52780.4
128 52382.1
130 52769.1
131 52311.7
134 52762.1
134 53210.9
134 53625.2
135 54016.5
135 54393.3
136 54862
137 55310.8
137 55768.3
137 56222.9
137 56637.2
138 57035.4
138 57421.6
138 56964.2
139 56650.8
139 56259.9
139 56634.6
139 57007.3
139 57376.4
139 57735.1
139 58078.8
140 58536.3
147 58163.6
147 58621.1
149 59011.9
151 59325.3
154 58927.1
154 58511.5
154 58125.3
155 57766.6
155 57316.2
157 56930.1
157 57302.8
163 56989.4
164 57439.8
164 57855.4
164 58253.6
165 58639.8
166 58253.7
166 58612.4
167 58998.5
176 59311.9
176 59698
178 59254.5
181 58839
185 58440.7
185 57983.3
187 58426.7
187 58040.5
190 57582.8
190 57269.4
190 56883.3
190 56508.1
191 56139.9
191 56555.5
193 56098
193 55714
194 56171.5
195 55757.1
195 56155.4
197 55768.4
198 56154.6
199 56612.3
201 56998.4
201 57373.6
201 57741.8
202 58199.2
203 58512.6
203 58896.7
205 59311
207 59698
214 59240.2
216 58842
216 58455.8
216 58080.7
217 57952
218 57568
219 57124.6
219 56737.6
219 56362.4
219 55907.8
219 55520.8
219 55145.7
219 54771
219 54356.6
219 53972.6
220 53628.9
220 53174
220 52815.3
220 52371.9
220 51917.3
220 51558.6
220 51173.9
220 50797.1
220 50405.9
220 49991.5
220 49565.9
220 49140.2
220 48689.8
220 48307.1
222 47934.4
222 47561.7
222 47175.5
222 46718
222 46303.7
222 45928.5
222 45615.1
222 45171.6
222 44796.5
222 44405.6
222 44032.9
223 43634.7
223 43209.1
223 42751.3
223 42376.6
223 41989.6
223 41531.8
223 41141
223 40797.3
223 40383
223 39968.6
223 39525.1
223 39460.9
223 39085.7
223 39543.5
223 39175.4
223 38725
223 38281.5
223 37832.7
223 37382.3
224 36924.5
224 36474.1
224 36090.1
224 35776.7
225 35402
225 34944.2
226 35342.4
227 35471.1
227 35857.2
227 36232.4
228 36687
228 36296.2
228 35904.9
228 35520.3
228 35206.9
228 34820.7
228 34365.9
228 34809.3
228 35264.2
228 35718.8
228 36102.8
229 36546.3
229 36960.7
229 36602
229 36187.6
229 35819.4
229 35506
229 35136.9
229 34693.5
229 34483.6
229 34028.7
229 33613.1
229 34038.8
229 34489.2
229 34903.5
229 35290.5
229 35677.5
230 36103.1
230 36478.3
230 36862.3
230 37237.5
230 37628.7
230 38003.4
230 38388
230 38018.9
230 37561.4
230 37217.8
230 36874.1
230 36423.7
230 36032.8
230 36409.7
231 36768.4
231 37127.1
231 37509.8
231 37853.5
231 38311
231 38768.7
231 38384.1
231 37915.4
231 38373.2
231 38816.7
232 38880.9
232 39324.4
232 39750
232 40164.4
232 40614.8
232 41063.6
232 41514
232 41971.8
232 42415.2
232 42829.6
232 42421.1
232 41972.3
232 42386.7
232 41995.8
232 41609.6
232 42060
232 41685.3
233 41299.2
233 40985.8
233 41384
233 40997.9
233 40599.7
233 40241
233 39783.2
233 40174
233 40560.2
233 40091.5
233 40482.4
233 40869.3
233 40525.7
233 40900.8
233 41273.5
233 41646.2
233 42021.4
233 42394.1
233 42768.8
234 43226.6
234 43601.8
234 43969.9
234 44353.9
234 44697.6
235 44322.9
235 44636.3
235 44185.9
236 44560.6
236 44874
237 45328.9
238 45538.8
238 45993.7
238 46384.9
238 46775.7
238 47219.2
238 47603.8
238 47990
238 47532.5
238 47075.1
239 47489.4
239 47905
239 48362.5
239 48812.9
240 49281.5
240 49650.6
240 50018.8
240 50377.5
240 50768.3
241 51081.7
241 51450.8
241 51899.6
241 52368.3
241 52826.1
242 53210.7
242 53524.1
242 53867.8
242 54211.5
242 54620
242 54233
243 54623.8
243 55022
243 55408.2
243 55794.4
243 56180.5
243 56555.2
244 56913.9
244 57364.3
245 57708
245 58021.4
246 57623.2
246 57240.4
246 57615.1
246 57160.5
246 56691.8
246 56304.9
246 55896.4
247 56353.9
247 56811.3
251 56497.9
251 56125.2
251 55681.8
251 55226.9
251 54852.2
252 54466
252 54091.3
253 53708.6
253 54095.6
253 53711.5
253 53343.4
253 52952.6
253 52583.5
253 52196.5
253 51805.2
254 51396.8
254 51012.7
254 51481.4
255 51065.8
255 50678.8
255 50335.2
255 49909.5
255 50364.1
256 49955.6
256 49505.2
256 49114
256 49512.2
256 49920.7
256 50303.4
257 50690.4
259 50331.7
259 49957
259 49541.5
259 49996.3
260 50439.8
260 50052.8
260 49638.5
261 50011.2
262 50385.9
262 49987.6
262 49600.7
262 49214.5
263 48831.7
263 48444.7
263 48036.3
263 47578.8
263 47124.2
263 46680.7
263 46296.7
263 45905.9
263 46292.1
263 45823.4
263 45368.8
263 45751.5
263 46126.2
263 46510.2
263 46901.1
263 47214.5
263 47622.9
264 48014.2
264 48401.1
264 48769.3
264 49138.4
264 49564.1
264 49979.6
264 50363.7
265 50814.1
265 51201
265 51609.5
266 52000.7
266 52344.4
269 52760
270 53134.7
270 53549.1
270 53936
270 54294.7
271 :
271 55206.8
271 55675.5
272 56119
272 56573.6
272 56971.8
272 56522.9
272 56114.5
272 56522.9
272 56909.9
273 57296.1
273 57683.1
273 58073.9
273 58456.7
273 58840.7
277 58497
281 58945.8
282 58495.4
282 58903.9
289 59247.6
290 59698
293 59229.3
296 58854.6
296 58399.8
298 57945.2
298 57561.1
298 57145.6
301 56702.1
302 57170.8
303 56784.6
303 56358.9
303 55984.3
305 56439.1
307 56813.8
307 57268.4
308 57684
309 58068
311 58511.5
312 58937.1
313 59323.3
313 59698
315 59313.4
315 58969.7
316 58501
316 58057.6
317 57670.6
321 57286.5
321 56843.1
324 57311.7
325 57755.2
325 58139.8
326 57689.4
326 58033.1
327 58420.1
330 58863.6
331 59247.6
335 59698
335 59229.3
339 58860.2
341 58402.5
341 57953.6
341 57528
341 57144
341 56753.1
341 56376.3
341 55985.1
344 56453.7
345 56010.3
345 55624.2
345 55173.8
345 54723.4
346 54325.1
346 53899.5
346 53524.8
347 53074.4
347 52658.8
348 52276.1
348 51867.4
348 51409.7
350 51867.4
350 52236.5
350 52685.4
351 53111
351 53501.8
352 53885.9
352 54277.1
352 54653.9
352 54269.9
352 53894.7
352 53486.2
352 53117.1
354 53567.5
354 54017.9
354 54461.4
355 54847.5
355 55273.2
356 54914.5
356 54555.8
356 54183
356 53800.3
356 54198.5
356 54648.9
357 55023.6
357 55481.4
357 55897
357 55453.5
357 55078.8
357 54712
357 55120.7
358 55503.5
360 55135.3
360 54821.9
360 54446.8
361 54069.9
361 53726.2
362 54134.7
362 53748.5
362 53363.9
363 53747.9
363 54123.1
363 54492.2
366 54935.7
366 55318.4
366 55691.1
367 56049.8
367 56408.5
368 56783.2
368 57150
368 56692.5
370 56526.5
370 56151.9
370 55683.2
371 55274.7
371 55649.9
371 56018
371 55609.5
372 55986.4
372 55517.7
372 55063.1
372 54608.5
372 54165
372 53781
373 54167.2
373 54551.8
373 54895.5
373 55208.9
375 54822.8
375 54436.7
375 54052
375 53603.2
375 53219.2
376 52761.7
376 52392.6
377 52008
377 52465.5
379 52934.1
379 52559
379 52108.6
379 51733.4
380 51307.8
380 51716.3
381 52184.9
381 52593.4
381 53048
381 53502.6
381 53877.3
381 54043.2
381 54486.7
382 54043.2
382 53658.6
382 53201.1
382 52815
383 53199
383 52741.2
383 52356.6
383 51970.4
384 51512.6
384 51961.4
384 52418.9
386 52805
386 53191.2
386 53575.8
386 53959.8
387 54328.9
387 54713.5
389 54258.7
389 53833
390 54258.7
390 54633.8
390 55009
390 55384.1
391 55841.6
391 56285.1
391 55941.4
391 55497.9
392 55054.5
392 54638.9
392 54188.5
392 54646.3
392 55030.9
392 55417.1
392 55874.9
394 56259.5
394 56645.7
394 56237.2
394 55853.2
394 55478.5
394 55009.8
396 54554.9
396 54170.3
398 54625.2
398 55050.8
399 54707.1
399 54252.5
399 53795.1
400 54238.5
400 53865.8
400 53451.4
401 53901.8
401 54345.3
401 54760.9
402 54310.5
402 53860.1
402 54203.8
403 54672.5
404 55080.9
404 55465
405 55839.7
405 56294.5
407 56679.1
407 56235.7
407 55777.9
407 55387.1
407 54938.2
408 55395.7
408 55850.3
410 56264.7
410 56608.4
411 57058.8
411 57509.2
411 57881.9
411 57431.5
411 57040.6
415 56657.9
416 57115.7
416 57564.5
416 58008
417 58398.8
419 58240
419 57867.3
419 57469.1
419 57060.6
419 56677.8
419 56291.7
420 56742.1
422 57133
423 56760.2
423 56383.4
423 55998.8
423 55541
423 55149.8
423 54694.9
424 54326.8
425 53918.3
425 53532.1
425 53123.6
425 52680.1
425 53062.9
428 52680.1
428 52307.4
428 51916.2
429 52324.7
429 52733.2
429 53131.4
429 53514.1
429 53900.2
429 54059.1
431 53590.4
431 53146.9
431 52771.7
431 52356.2
432 52813.9
432 53268.8
434 53660
434 54044.7
434 53701
434 53302.8
434 52925.9
434 52543.2
434 52157
434 51741.4
434 51291
434 51734.5
434 52111.3
434 52484.1
434 52241.6
434 51792.7
434 52201.2
435 51746.6
435 52155.1
435 52541.3
435 52909.5
436 52460.6
436 52062.4
436 51718.7
436 51349.6
436 51005.9
436 50551.1
437 50167
438 49776.2
438 49307.5
438 48938.4
438 48529.9
438 48186.2
438 47777.8
439 48169
439 48551.7
439 48924.4
439 49393.1
440 49836.6
440 50252.2
441 49866
441 49408.3
441 48957.9
441 48500.4
441 48875.6
443 48467.1
443 48080.9
443 48531.3
443 48145.2
443 47676.5
443 48125.3
443 48579.9
444 48995.5
444 49238
444 49636.2
444 50022.4
444 50405.1
445 50782
445 51230.8
445 51685.7
445 51230.8
445 50844.6
445 50460.6
446 50804.3
446 51272.9
447 51642
447 52026.1
447 52369.7
447 52713.4
447 53057.1
448 53465.6
448 53874.1
448 53405.4
448 53796.2
449 54165.3
449 53749.8
449 53358.9
450 53702.6
450 54160.4
450 54617.9
450 55068.3
451 55536.9
451 55923.1
452 55524.8
452 55067.4
452 54651.8
452 54265.7
452 53891
452 53422.3
452 53830.8
453 53448.1
453 52979.4
453 52530.6
453 52072.8
453 52459
453 52845.1
454 53300
454 52941.3
454 52568.5
454 52118.1
455 52504.3
455 52888.4
456 52497.5
457 52966.2
459 53381.8
459 52924.3
459 52469.4
459 52086.7
459 52477.5
460 52946.2
460 53403.7
461 53819.3
462 54287.9
462 54686.1
462 55143.9
462 54830.5
462 55279.4
462 55665.5
462 56040.2
463 55654
463 56104.4
463 56487.2
465 56859.9
465 57218.6
467 57609.4
467 58066.9
468 58521.8
468 58208.4
468 57895
468 57486.5
469 57869.2
470 57414.4
470 56945.7
470 56488.2
470 56030.4
472 55643.5
473 56029.6
475 56343
475 56029.6
477 55999.8
478 56408.3
479 56877
479 57334.5
479 57792.2
479 57407.6
479 57862.5
480 57412.1
480 56986.4
480 56609.6
480 56218.4
481 55802.8
481 55426
481 55056.9
481 54608.1
481 54164.6
481 54478
481 54791.4
482 54405.2
482 54019
482 53627.8
482 53241.7
482 53628.6
482 53244
484 52871.3
484 52503.2
487 52532.9
488 52846.3
489 52473.6
489 52098.4
489 51672.8
489 51204.1
489 50795.6
489 50326.9
489 49936.1
489 50386.5
489 50011.3
489 49620.1
489 50004.7
490 50430.4
490 50879.2
490 51322.7
490 51738.2
490 52129.5
491 52506.3
491 52883.1
492 53252.2
492 53643.4
492 53185.7
492 53571.9
492 53146.2
492 53532.4
492 53146.2
492 52763.5
492 53149.6
492 53534.2
495 53906.9
495 54275.1
495 53883.9
495 53435
495 53121.7
495 52763
495 52394.8
495 52051.1
496 51596.5
496 51205.3
496 50750.7
496 50292.9
497 50761.6
498 51230.3
498 51655.9
499 52064.4
499 51679.8
499 51236.3
499 51627.1
499 52002.3
499 52393.5
499 52766.2
500 53141.4
501 53599.2
501 53183.6
501 52797.5
501 52429.3
501 52038.1
502 52463.7
503 52849.9
503 53232.7
504 53681.5
504 54136.1
504 54593.9
505 55048.5
505 55439.7
506 55830.9
506 55454.1
506 55822.2
506 56180.9
507 56524.6
507 56081.2
508 56524.6
508 56838
508 56412.4
508 55943.7
509 56328.3
511 56743.9
511 57135.1
511 57521.2
512 57889.4
515 57420.7
516 57864.2
517 58332.9
517 58709.7
518 59135.3
518 58752.6
518 58302.2
518 57858.7
518 57408.3
518 57022.2
518 56553.6
518 56155.3
524 56624
524 56239.4
524 55781.6
527 56250.3
527 56700.7
527 57151.1
527 57594.5
528 57992.8
529 58378.9
529 58761.6
533 59219.4
533 58761.9
534 59146.5
535 58760.4
535 58377.7
538 57986.5
539 57642.8
539 57185.3
539 56730.7
541 56275.8
541 55891.8
541 55436.9
542 55894.4
545 56280.5
545 56663.2
546 56295.1
546 55837.6
546 55412
546 55027.3
546 54643.3
546 54258.7
548 54716.2
548 55170.8
548 55562
548 55118.5
548 54727.7
548 54341.6
548 53966.9
548 53623.2
548 53240.5
549 52790.1
550 53245
550 53699.8
550 53356.1
550 52971.5
550 52573.3
550 52187.1
550 51795.9
550 51327.2
551 51670.9
551 52054.9
553 51656.7
553 51258.5
553 50885.8
553 50508.9
553 50150.2
554 49765.6
554 49379.5
555 49837
555 49445.8
555 48988.3
555 48562.6
555 48171.4
555 47780.6
555 47330.2
555 46955
555 46578.2
555 46109.5
556 46535.2
557 46919.8
557 47303.8
557 47688.4
557 48056.6
557 48500.1
558 48950.4
559 49419.1
559 49810
559 50196.1
559 50578.8
559 50953.5
560 50584.4
560 50175.9
560 50574.1
560 50917.8
560 51309
560 51693.7
560 52079.8
561 51622.1
561 51253.9
561 50940.5
562 51284.2
563 51682.4
563 52080.6
564 52457.5
564 52830.2
564 53287.7
564 53756.3
564 53340.8
564 53791.2
564 54149.9
564 54536
565 54920.6
565 55346.2
565 54978.1
565 55369.3
565 55760.5
565 56151.4
566 56528.2
566 56903.4
566 56516.4
566 56072.9
566 55698.2
566 55243.6
566 54868.5
566 54460
566 54009.6
566 53601.1
566 53143.3
569 52685.6
569 52228.1
570 52685.9
570 53094.3
570 52668.7
570 52277.9
570 51887
570 51512.3
570 51128.3
570 50759.2
570 50374.6
571 50743.7
571 50286.2
572 50654.4
574 50967.8
574 51383.3
575 50957.7
575 50514.2
575 50088.6
575 49697.4
575 :
575 50609.7
575 51060.1
575 51503.6
575 51060.1
575 50602.4
575 50158.9
576 49786.2
576 49377.7
576 48995
576 49403.4
576 49811.9
576 50180.1
576 50567.1
577 50942.2
577 50556.1
577 50187
577 50561.7
577 50184.9
577 49730.3
577 49344.2
577 48895.3
578 49352.8
578 49810.3
580 50267.8
580 50693.4
580 51084.2
580 51475.1
581 51083.8
581 50629
581 50174.1
581 49759.7
581 49361.5
581 49746.1
581 50130.2
581 49686.7
581 49317.6
581 49692.3
581 49266.6
581 49635.7
581 49322.3
584 49765.8
584 50223.6
584 50649.2
584 51074.9
584 51518.3
584 51961.8
585 51547.4
585 51178.3
585 50795.6
585 50381.3
585 49966.9
585 49509.1
585 49040.4
585 48672.3
585 49063.5
586 49472
586 49926.6
586 50309.3
586 50758.1
586 51130.9
587 50754
587 50296.6
587 50682.7
587 51059.5
588 51428.6
588 51814.7
589 51437.9
589 51062.7
589 50637.1
589 51092
589 51546.8
590 51990.3
590 52404.7
591 51961.2
591 52386.8
591 51972.5
591 52370.7
591 51995.5
591 51552.1
591 51418.3
591 51809.6
591 51440.4
591 51063.6
592 51432.7
593 51048.7
593 51517.4
593 51975.1
594 52288.5
594 52702.9
594 53117.3
594 53531.6
595 53914.3
595 54283.5
596 54740.9
596 55109.1
596 54765.4
596 54349.8
596 53965.8
596 53910.1
597 53523.2
598 53900
599 54325.6
600 54769.1
600 55145.9
600 55521.1
600 55964.6
600 55596.4
600 56010.8
601 55612.5
601 55268.8
601 54878
601 54502.9
601 54128.2
601 53684.7
601 53300.7
601 53675.8
602 53809.6
602 54186.4
602 54555.5
604 54939.5
605 54995.2
606 55410.8
607 55794.8
607 55403.6
607 55790.6
608 56134.2
609 55708.6
609 55258.2
609 54874.2
610 55317.6
611 54949.5
611 54563.4
611 54961.6
611 54546
611 54914.2
611 54470.7
611 54861.5
612 55236.7
612 55620.7
612 55995.4
612 55609.3
612 55953
615 55594.3
616 55136.5
616 54681.9
616 54305.1
617 53919
617 53532.8
617 53924.1
618 54374.5
618 53925.6
618 54351.3
620 54735.3
620 54362.6
620 54806.1
621 55221.6
621 54837.6
621 55223.7
622 54768.9
622 55137
622 54682.1
623 55068.3
624 54677
625 55134.8
625 55589.4
626 55175
626 55533.7
627 55919.9
627 56306
627 56682.8
627 57131.6
628 56717.3
629 56268.4
630 55842.8
630 56297.7
631 56670.4
631 57125.3
631 57509.3
631 57118.1
632 56726.8
634 57118.1
636 57532.4
638 57946.8
638 58395.6
639 58821.3
641 58395.6
642 58786.8
642 58388.6
642 58779.8
651 59205.5
652 59603.7
